# Input file for NRG Ljubljana
# symtype  QS
# Using sneg version  2.0.13
#!9
# Number of channels, chain sites, subspaces: 
1 24 6
# SCALE  1
# Energies (GS energy subtracted, multiplied by 1/SCALE):
-2 1
4
0.117404297296688 0.620197025900873 1.16213795276542 1.88970195010895
-1 2
8
0.0632108556822695 0.217616425676905 0.577153216206329 0.707967828888026 1.10846488443029 1.22210294452161 1.65087220228013 1.9114940944583
0 1
12
0 0.130976583697586 0.29549654030669 0.525766423814816 0.637583365976106 0.774747218958233 1.06076427181728 1.18210549241351 1.29288391217046 1.61583566556961 1.9127841026286 1.97938010086291
0 3
4
0.167360306517982 0.667360306517982 1.16736030651798 1.66736030651798
1 2
8
0.0871458667903178 0.233719112498056 0.601287989438707 0.723813678893702 1.12602846640518 1.24437359632286 1.65374430990034 1.94876943189469
2 1
4
0.157404297296688 0.660197025900873 1.20213795276542 1.92970195010895
# Irreducible matrix elements for Wilson chains:
f 0 0
6
2 1 1 2
-1.03207145080520291 -0.96242895549951446 -0.079219203939050728 0.046043702598878751 -0.011680917094386508 0.00486042427748458426 -0.00179650268448062513 0.000162040082963461202
-0.0441353129666319025 0.083899025068848776 -1.02349655092929304 -0.964387050716744798 0.105422096218574818 -0.0445595315572044348 0.0179736764061552839 -0.00174101127596551497
0.00570127567550023258 -0.0109655387913897111 0.0547037138638078874 -0.0968134718981755321 -0.839928625670581797 -1.12582582402124665 0.119950963549294784 -0.0113926227366286659
-0.000440886125847392979 0.000912663070374131191 -0.00543810719906388795 0.0101289414953092127 0.0486415895995752634 -0.0594777840908591315 -0.337117944392748614 -1.37124566899191791
1 2 0 3
-0.835420595732145221 0.0409145002184226544 -0.0058014819069289519 0.000834535239827077541
0.891748116512098732 0.067942273540025036 -0.00973577505460017714 0.00146501117114942623
0.072907303648153815 -0.836148583143173751 0.0532242281861253566 -0.00866299592723090116
0.0378486841644751701 0.886063616816907262 0.0839406251113146706 -0.0135767471920328342
-0.00819394950408192796 -0.0755292408247154046 0.976243457810742732 -0.0430654393045423398
-0.00646425462212564528 -0.0603951648822338982 -0.729567230769200825 -0.0962775516468566128
0.000546324648232126989 0.00581261502104057741 0.0367423162777910303 -1.1842059155043323
0.000707982012254086647 0.00840454311654457303 0.0576461581175083948 0.293717776788176788
1 2 0 1
-0.644436269789135263 0.588261185492274019 -0.0425562221444241925 0.0580497974037028283 0.013249060338102088 -0.00488222917436266848 0.00735103503164538045 -0.00188104178653544134 -0.000324842272536974967 -0.000865806072761736304 0.000280926949906883431 5.50359214269049613e-05
0.0473802421561584086 0.421489586295473506 -0.741280535490479786 -0.0176028032015624197 -0.0518439726235678938 -0.0301386339750067504 -0.00059262493622671609 0.00624821580574333197 -0.00404695312653298011 -0.000455892711547481314 -0.000419474266734566322 -0.000258321267057114807
-0.0324655122949452507 -0.0282220009076137313 0.0106252999014175044 0.631049463858868842 -0.597230468608074938 0.0418593724910931789 -0.0712034448787224189 0.0203783755518460348 0.00203116821439241644 0.00923022434173709563 -0.00351171902827357354 -0.000786366845516933417
0.00550888521820339441 0.0275241556892811962 0.0566479424005404894 -0.046679840148271437 -0.410201430667704758 0.745712680183342358 0.0109769001017044395 -0.0579588612892287039 0.036813561407017005 0.00338663410420924184 0.00506951139156145304 0.00296548160219569767
0.00456690341265631339 0.00504448171131785614 0.00114391726611697063 -0.0437814166698349411 -0.0416745964075579539 -0.00203438303438847456 0.646647794487646865 0.502865324513279255 -0.0248175622458083646 0.0580914334803534771 -0.0310004484927184597 -0.00950247382859039334
-9.91201409702799233e-05 -0.00315338372041360036 -0.00795155290938555012 0.000343988474964023285 0.0277972661650789828 0.0651293176847783234 0.0244017341464611466 0.474037021514196799 0.765188923556056388 0.0313127172206344312 0.0315752808033790064 0.0192798120570296695
-0.000581619151956856944 -0.000924707215961597002 -0.000843896250524041303 0.00644834461831607191 0.00866449534200279883 0.00593739062661692834 -0.0388728881431244025 0.0565410108672792719 -0.0332676215570214748 -0.686314126329514718 -0.221229738103002282 -0.0784381531577188623
-0.000137936195677366904 3.56015534583825448e-05 0.00052227952179506544 0.00174304400178728648 -0.000581187550436685534 -0.0057590182678495111 -0.0154335703470965483 -0.00558875662630788604 0.0376999089706013882 -0.117506866551486733 -0.465373004153134873 0.859071847423320323
0 3 -1 2
-0.582012956460353115 0.809882951755308444 0.0683029054564052163 0.0246456253989292412 0.00762016003466937843 0.00438501781176724083 0.000443319432671840916 -0.000580922553852645488
-0.0366336325302734148 -0.0481542857271540781 0.565121395426316342 -0.818350446682052146 -0.0735126615329931427 -0.0424664101569249414 -0.00484543403894942964 0.00696498041186026373
-0.00537505352100050952 -0.00723298933053191564 0.0486908609948845522 0.0578901386837351317 -0.686062426336117137 0.721183604013039048 0.0320392662476726015 -0.0488135888315980801
-0.000786177585483526127 -0.00111257125176097396 0.00819417058721181452 0.00977094831822026243 -0.0433660321966794146 -0.0666328280229819547 0.958331622061611821 0.274072041414844536
0 1 -1 2
1.07617076174571924 -0.0544717020344524724 0.0390318163594153833 -0.00643310750315305262 0.00518614995507297397 -0.000178207875308560981 0.000587857591281671201 -0.000189140696110587652
0.701495781235723981 0.673390593502812385 -0.0485421170380471098 0.0377344461731620659 -0.00769907262755497104 0.00419152995812651849 -0.00130408852277993145 6.56303899887766308e-05
0.0621364913198099306 0.937058713298467683 -0.0245298381364982519 -0.0889643508184660287 0.000669145633932409934 -0.0122579191930261948 0.00135322813843611884 0.00075976960392940484
0.0694469710395816953 -0.0125045073910090877 1.08510152183032793 -0.0541031839121127178 0.050140860582446066 -0.000217704631293784705 0.00640827032535611248 -0.0024138980523294132
-0.0283856022065090731 0.0670144071875570096 0.692123309725676705 0.669617732233686147 -0.0711430458577694824 0.0354356732426470075 -0.0129448927587474116 0.000920902764643675336
-0.00746425136489482343 -0.0495733528297733969 0.0608310981713844276 0.925344245528652021 -0.00203196084228962712 -0.105642032553118007 0.0107806660281943335 0.00845261636059527546
-0.00942390350308720641 0.000209871047783809878 0.0860927503919286102 -0.0114654339003827047 1.06657377866545611 0.0324165197010291908 0.0420106305807894029 -0.0220574886159781956
-0.0036841951200838486 0.00752242900518499107 0.0355327355489924515 -0.0696048159504718961 -0.606083043262521159 -0.806480852800776082 0.082170343456766673 -0.00792274508939577043
0.000428312922146061904 0.00734491667403178346 -0.00314343852840689129 -0.0650688343464073254 -0.0361445724451384259 0.897680022203297567 0.0724905349390517623 0.0569523826025630786
-0.00125390021333728757 -0.000470267688892302051 0.0130608318332678386 0.00260674482579735002 -0.0815405129929342998 -0.026400595144937776 -0.989656428439607216 0.185687361822961833
-0.000289564384662137451 0.000320430509859342483 0.00337205315392366273 -0.00410853684105831965 -0.0274291783547507689 0.0255150318387772287 0.193219918819724557 -1.19424133348560302
0.000202630592353142966 -0.000641844731496458488 -0.00250181870049492579 0.00758428773482453401 0.0261809652749282057 -0.0490733461193645429 -0.222926124451818891 -0.676675052512158093
-1 2 -2 1
0.811900351821447486 -0.0263890780929618637 -0.00328029821294704028 -0.000247219767545334493
0.580577798254361732 0.0676440916567066647 0.00839339320326973511 0.000680633059691279629
0.0480556175065241786 -0.81868330356165786 -0.0312112756549739537 -0.00295626944257482149
-0.0368920201787594423 -0.564485891751216995 0.0786289842751612955 0.00778072419138305105
-0.00744100581936595323 -0.0642672755495302395 -0.718989735709960165 -0.0290459092860947399
0.00446686020798139384 0.0394887518033372673 -0.685306498532223363 0.049064649901923385
0.00123838942718979689 0.0122191625308505115 -0.077965581883030502 -0.272618486739687027
0.000142630391608354612 0.00150590373066705752 -0.00960524611240592963 0.960394893986100895
# GS energy in absolute units:
e
-0.197360306517982
# Irreducible matrix elements for other operators:
sHimp
6
-2 1 -2 1
-0.0799560092212946022 0 0 0
0 0.422836719382890525 0 0
0 0 0.964777646247437892 0
0 0 0 1.69234164359096573
-1 2 -1 2
-0.0619031238766297245 -0.0234616289499195441 -0.00268538048921946639 0.0226488861962680886 0.00851362406981951217 -0.00145765606391140318 -0.00103933977269728118 -0.000589774655256304777
-0.0234616289499195441 -0.0434821760325411269 -0.0407078885598791684 0.00371296773279886734 -0.000985472786222244468 -0.00866707806359940172 -0.00234658137822396336 0.000815630708129756569
-0.00268538048921945815 -0.0407078885598791615 0.436531703365441226 -0.0214154252330314987 -0.00839483325202317228 0.0286740928899238273 0.0112457983712293645 -0.00219050429383387674
0.0226488861962680921 0.00371296773279886734 -0.0214154252330314952 0.458823560197992086 -0.0504854378921888586 -0.00488288620963187904 0.00501020521460918654 0.0100755247514297264
0.00851362406981951737 -0.000985472786222235143 -0.00839483325202317575 -0.0504854378921889002 0.963771848351634208 -0.00232864559193025206 -0.0150945593408444087 -0.0258143839796753267
-0.00145765606391141532 -0.00866707806359939825 0.0286740928899238239 -0.00488288620963191373 -0.00232864559193029369 0.969711135065658092 -0.042243849865772079 0.0249895334516737483
-0.00103933977269728226 -0.00234658137822396466 0.0112457983712293784 0.00501020521460918654 -0.0150945593408444365 -0.042243849865772079 1.48275779968968524 -0.0577955832683963999
-0.00058977465525630456 0.000815630708129752666 -0.00219050429383383163 0.0100755247514297264 -0.0258143839796753545 0.0249895334516738038 -0.0577955832683963999 1.67378925323875971
0 1 0 1
-0.0477762674621706532 -0.0169372557163227806 -0.0186063007920115771 -0.00252492426713432595 0.0263448085228399631 0.00140275668049325074 0.0162776353561387942 0.00159282374819679092 -0.000425060569460860085 0.0004390240514489614 0.00101305717111335714 -0.00025101066438506294
-0.0169372557163227806 -0.0505984999383474535 -0.0101241334782814687 -0.052355007280208303 0.00222733692499018938 0.0361749904794357244 -0.00137252377298583512 -0.00119663517095225987 -0.00140990723253546176 0.00443380737912483017 -9.17273911581229119e-05 0.000307305695160260044
-0.0186063007920115805 -0.0101241334782814774 -0.0332731368603859171 -0.0044103467266163902 -0.0631178695913006266 0.00318017747784608276 0.00127759934670276993 0.00230613688295475952 -0.0181749747707424282 -0.000289654702728531373 -0.00195049399132738929 0.00058533878649581826
-0.00252492426713432595 -0.05235500728020831 -0.00441034672661638674 0.448963541623868312 -0.0172398198430203271 -0.0153373718183354938 -0.00523748212984425764 -0.0363796781205439068 0.000494381065583193507 -0.0221419819102071265 0.000492740513968785042 0.00469961103798249846
0.0263448085228399527 0.00222733692499020586 -0.0631178695913006127 -0.0172398198430203271 0.447324469961811966 -0.00964752377590810152 -0.0700957343804949062 -0.000730548745990109339 0.0392844593603696307 0.00189242064427473395 -0.00422819516362459881 -0.00118856211823925063
0.0014027566804932451 0.0361749904794357244 0.00318017747784607886 -0.0153373718183355372 -0.00964752377590811019 0.469099676013458478 -0.00183934213026645029 0.0765303522430820088 0.00612333583485951717 -0.0107523028559608162 -0.00500264900796515942 -0.0182256062840940106
0.0162776353561387942 -0.00137252377298582341 0.00127759934670276451 -0.00523748212984424463 -0.0700957343804948646 -0.00183934213026644595 0.967741277982348103 0.0113699529124191498 0.00857832696998986691 0.00778552504828109847 0.0461277570501334513 -0.0122514587649926419
0.00159282374819678463 -0.00119663517095224079 0.00230613688295475995 -0.0363796781205439554 -0.000730548745990113892 0.0765303522430819672 0.0113699529124191377 0.982833394120828596 0.016191213210626422 -0.0792388574492967346 0.00824486792806407472 -0.0113070247883982327
-0.00042506056946085293 -0.00140990723253546849 -0.0181749747707424282 0.00049438106558320977 0.0392844593603695683 0.0061233358348595137 0.00857832696998988425 0.0161912132106264151 0.983658729951970456 -0.00922214885275216001 -0.0595251495128800087 0.0166886046443315977
0.000439024051448958202 0.00443380737912482323 -0.00028965470272852991 -0.0221419819102071161 0.00189242064427472983 -0.0107523028559608023 0.00778552504828107853 -0.0792388574492967346 -0.00922214885275218256 1.49982686942427046 -0.0241803622436375376 -0.0918775674720373192
0.00101305717111334868 -9.17273911581299457e-05 -0.00195049399132739471 0.000492740513968815291 -0.00422819516362459621 -0.00500264900796510391 0.046127757050133382 0.00824486792806411635 -0.0595251495128800157 -0.0241803622436375688 1.69000646776712093 -0.0273532405511433992
-0.000251010664385062452 0.000307305695160253159 0.000585338786495813489 0.00469961103798251494 -0.00118856211823921659 -0.0182256062840939932 -0.0122514587649926853 -0.0113070247883981529 0.0166886046443315839 -0.0918775674720373331 -0.02735324055114342 1.68219347741522984
0 3 0 3
-0.0299999999999999989 0 0 0
0 0.469999999999999973 0 0
0 0 0.969999999999999973 0
0 0 0 1.46999999999999997
1 2 1 2
-0.0342243017197480306 -0.00492430944202694541 -0.000728846880675329653 0.0221837771564578137 -0.00854484819013036183 -0.000870550166746001872 -0.000771004313591736393 0.000655670033742859759
-0.00492430944202695061 -0.031209423184493431 -0.0411490593014067138 0.000342368203691170714 -0.00118198887698958569 0.00866795712769205355 -0.00243037507059787241 -0.000826866933239946145
-0.000728846880675335291 -0.0411490593014066999 0.464689214180011689 -0.00340825541051058886 0.00546556827270997664 -0.0285590751256372677 0.0104190213454486008 0.00384607907103276525
0.0221837771564578345 0.000342368203691176731 -0.00340825541051062962 0.470693367662938789 0.0503640055242339651 0.00909238717910749311 0.00656240424779898357 -0.00953396568472805739
-0.00854484819013035662 -0.00118198887698956617 0.00546556827270996016 0.0503640055242339305 0.978954053709840344 0.0163864574114351291 0.00865533605406658413 -0.0292109356259220299
-0.00087055016674599992 0.00866795712769208304 -0.0285590751256373093 0.00909238717910740984 0.0163864574114351985 0.994719127513448376 0.0436256361759483346 0.0220368459778993442
-0.000771004313591739212 -0.00243037507059787458 0.0104190213454486008 0.0065624042477989801 0.00865533605406655637 0.0436256361759483208 1.48092256200066474 0.0602314167582245208
0.000655670033742858024 -0.000826866933239946145 0.00384607907103274443 -0.00953396568472810596 -0.0292109356259220576 0.0220368459778993997 0.0602314167582245485 1.71545539983733342
2 1 2 1
-0.0399560092212946083 0 0 0
0 0.462836719382890449 0 0
0 0 1.00477764624743782 0
0 0 0 1.73234164359096576
sHpot
6
-2 1 -2 1
-0.0799560092212946022 0 0 0
0 0.422836719382890525 0 0
0 0 0.964777646247437892 0
0 0 0 1.69234164359096573
-1 2 -1 2
-0.0516998054627607201 -0.0375483855203148156 -0.00450709399516854674 0.0231083731547131986 0.00857301565845646103 -0.00160226967042275997 -0.00106952407515366484 -0.000585878906952084577
-0.0375483855203148156 -0.0237336924907242362 -0.0398755972260218042 0.00548109463626192134 -0.000543815263614973827 -0.00865345472540646719 -0.00236774897674596994 0.000792898825035417152
-0.00450709399516853113 -0.0398755972260217834 0.446325666050593484 -0.0351519810242984579 -0.0106383357829233777 0.0290001893602934366 0.0114469415855082187 -0.00207754234953567811
0.0231083731547132021 0.00548109463626192134 -0.0351519810242984579 0.47903610819870851 -0.0498792294897984212 -0.00260412130479884332 0.0054660478739720561 0.00989966494025558939
0.0085730156584564645 -0.000543815263614970575 -0.0106383357829233395 -0.0498792294897984628 0.978112581666333303 -0.0169906097458425512 -0.0169899712748389498 -0.0251817646421950217
-0.00160226967042276735 -0.00865345472540646546 0.029000189360293447 -0.00260412130479890577 -0.0169906097458425928 0.985502185530870323 -0.043460123080966806 0.0233766110459576217
-0.00106952407515366766 -0.00236774897674597341 0.0114469415855082378 0.00546604787397204916 -0.0169899712748389706 -0.0434601230809668337 1.51034129030532727 -0.0499639648717667972
-0.00058587890695207894 0.000792898825035417152 -0.00207754234953567117 0.00989966494025560327 -0.0251817646421950217 0.0233766110459577327 -0.0499639648717667972 1.67611566620165187
0 1 0 1
-0.0226573530095558681 -0.0384193445024582012 -0.0190697249466408175 -0.00607643757684377898 0.0267010313505650632 0.00166969451983371947 0.0163125716683576866 0.0017575121514668481 -0.00042629554040015126 0.000494999568288422053 0.00101240798549938294 -0.000258452106545857042
-0.0384193445024582012 -0.0190807998681791456 -0.0302952476767254508 -0.051910593123573108 0.00169939027429201472 0.0363878269708399482 -0.000796126065425971472 -0.00117587407740400111 -0.00161672262353714999 0.0044311674431169179 -8.21783488424536061e-05 0.000308607449949796411
-0.0190697249466408141 -0.0302952476767254508 8.57942323192778109e-06 -0.00353544716975037971 -0.0626373920647066429 0.00706269255154413043 0.00131132857728250788 0.00165435194009912797 -0.0182316339239147022 -0.000229655714434123348 -0.00193813621534466942 0.000627307242165970019
-0.00607643757684378158 -0.0519105931235731219 -0.00353544716975038665 0.473326158889652127 -0.0384896077547374205 -0.0158178267435400664 -0.00965279017914393196 -0.0367488068455121275 0.000543380237082996998 -0.0222342953887741702 0.000294821703244855105 0.00474685173836072311
0.0267010313505650562 0.00169939027429203012 -0.0626373920647066568 -0.0384896077547374343 0.479148329124014394 -0.0292941810995326936 -0.0694026193935182306 -0.000492424470258809961 0.0396376025223236783 0.00103331602482217518 -0.00419420416576973126 -0.00124734123989126908
0.00166969451983371817 0.0363878269708399621 0.00706269255154411916 -0.0158178267435400907 -0.0292941810995326901 0.50288484606384487 -0.00152020985668877809 0.0757906613297879006 0.0107513159641053537 -0.0106651349008417377 -0.00457480227134847255 -0.0183427333988391457
0.0163125716683576831 -0.000796126065425968002 0.00131132857728250116 -0.00965279017914392502 -0.0694026193935182445 -0.00152020985668879414 0.993285853367755989 0.0313216131634030878 0.00879400069829327016 0.0117572371245702155 0.045936617061897278 -0.0131991359439650076
0.00175751215146684615 -0.00117587407740400241 0.00165435194009913794 -0.0367488068455121344 -0.00049242447025884162 0.0757906613297879145 0.0313216131634031086 1.0119111844479558 0.0369535742569868861 -0.0788849792983543768 0.00759102208430993859 -0.0116109160428051143
-0.000426295540400146381 -0.00161672262353715086 -0.0182316339239147092 0.000543380237082970435 0.0396376025223236367 0.0107513159641053364 0.00879400069829326322 0.0369535742569868098 1.01906076186451333 -0.0067581861229572774 -0.0586295428201569005 0.0196942151449565235
0.000494999568288420101 0.00443116744311691183 -0.000229655714434126899 -0.0222342953887741564 0.00103331602482217995 -0.010665134900841703 0.0117572371245702276 -0.0788849792983543352 -0.00675818612295725745 1.52918412952707117 -0.0118389521696282557 -0.0947011124296090467
0.00101240798549937861 -8.21783488424593931e-05 -0.00193813621534468438 0.000294821703244850877 -0.00419420416576970698 -0.00457480227134845607 0.0459366170618971878 0.00759102208431000364 -0.0586295428201569491 -0.0118389521696282089 1.7060571243576268 -0.0502441242939046587
-0.000258452106545858126 0.000308607449949787086 0.000627307242165966983 0.00474685173836073178 -0.00124734123989124891 -0.0183427333988391734 -0.0131991359439650284 -0.0116109160428050431 0.0196942151449564437 -0.0947011124296090745 -0.0502441242939046795 1.72687118581207244
0 3 0 3
0 0 0 0
0 0.5 0 0
0 0 1 0
0 0 0 1.5
1 2 1 2
0.0117829798453928398 0.00991863483892673099 0.00117985058746116834 0.022101077766865547 -0.00850595928316864001 -0.00101218131754912677 -0.000742604072084827264 0.000662408241368796225
0.00991863483892673446 0.0127920210673003899 -0.041302544190473009 -0.00151994284257761492 -0.000741865968371868342 0.00872607746648359876 -0.00240616539928560809 -0.000848295637026354188
0.0011798505874611885 -0.0413025441904729951 0.510541858300371021 0.011262466629018815 0.00316778528819148392 -0.0287997039144493663 0.0102711418716187608 0.00397512173882655362
0.0221010777668655435 -0.0015199428425776147 0.0112624666290188427 0.514817935411977956 0.0500580588805500798 0.0113662234830649508 0.00607574701395342115 -0.00970046325683823762
-0.00850595928316864869 -0.00074186596837187127 0.00316778528819147091 0.0500580588805500798 1.01974049914966414 0.0304559460571491858 0.00692685015580830898 -0.0300706758201475521
-0.00101218131754914759 0.00872607746648358142 -0.0287997039144493941 0.0113662234830650237 0.0304559460571491997 1.04381458603960198 0.0418885987593998893 0.0234537929120969268
-0.000742604072084825637 -0.00240616539928560939 0.0102711418716187677 0.00607574701395342115 0.00692685015580830205 0.0418885987593999032 1.51284800733896585 0.0671445174827445534
0.000662408241368796441 -0.000848295637026359826 0.0039751217388265675 -0.00970046325683823762 -0.0300706758201475521 0.0234537929120969268 0.0671445174827445257 1.77366211284672115
2 1 2 1
0.0200439907787053652 0 0 0
0 0.522836719382890447 0 0
0 0 1.06477764624743809 0
0 0 0 1.79234164359096582
sn_d
6
-2 1 -2 1
0 0 0 0
0 0 0 0
0 0 0 0
0 0 0 0
-1 2 -1 2
0.34011061379563351 -0.469558552346509395 -0.0607237835316357874 0.0153162319481703075 0.00197971962123157054 -0.00482045355037837714 -0.00100614341521284732 0.000129858276807524604
-0.469558552346509395 0.658282784727229564 0.0277430444619125895 0.0589375634487683611 0.0147219174202421303 0.000454111273097775015 -0.000705586617400291065 -0.000757729436477841455
-0.0607237835316357874 0.0277430444619125895 0.326465422838409125 -0.457885193042230909 -0.0747834176966720859 0.0108698823456541641 0.00670477380929526863 0.00376539814327196687
0.0153162319481703075 0.0589375634487683611 -0.457885193042230909 0.673751600023878017 0.0202069467463481325 0.0759588301611005406 0.0151947553120954666 -0.0058619937058041003
0.00197971962123157054 0.0147219174202421303 -0.0747834176966720859 0.0202069467463481325 0.478024443823301948 -0.488732138463742805 -0.0631803977998178223 0.0210873112493448443
-0.00482045355037837714 0.000454111273097775015 0.0108698823456541641 0.0759588301611005406 -0.488732138463742805 0.526368348840401845 -0.0405424405064919585 -0.0537640801905363563
-0.00100614341521284732 -0.000705586617400291065 0.00670477380929526863 0.0151947553120954666 -0.0631803977998178223 -0.0405424405064919585 0.919449687188074516 0.261053946554320015
0.000129858276807524604 -0.000757729436477841455 0.00376539814327196687 -0.0058619937058041003 0.0210873112493448443 -0.0537640801905363563 0.261053946554320015 0.0775470987630717534
0 1 0 1
0.837297148420492854 -0.716069626204514309 -0.0154474718209745288 -0.118383776990315173 0.011874094257503397 0.00889792797801576205 0.00116454374062940165 0.00548961344233526299 -4.11656979765476626e-05 0.00186585056131537857 -2.16395204656884244e-05 -0.00024804807202647301
-0.716069626204514309 1.05059000233894362 -0.67237047328146593 0.0148138052211729855 -0.0175982216899390233 0.00709454971347439275 0.0192132569186619639 0.000692036451608132007 -0.00689384636672259708 -8.79978669303451837e-05 0.000318301410522401067 4.33918263177318956e-05
-0.0154474718209745288 -0.67237047328146593 1.1093905427872619 0.0291633185622001655 0.0160159175531319649 0.1294171691232682 0.00112430768599094759 -0.0217261647618543427 -0.00188863843907627164 0.00199996627648002002 0.000411925866090327058 0.00139894852233851089
-0.118383776990315173 0.0148138052211729855 0.0291633185622001655 0.812087242192791048 -0.708326263723903726 -0.0160151641734850303 -0.147176934976655766 -0.0123042908322734176 0.00163330571665843381 -0.00307711595223475942 -0.00659729369079872438 0.00157469001260725433
0.011874094257503397 -0.0175982216899390233 0.0160159175531319649 -0.708326263723903726 1.06079530540674849 -0.654888577454153298 0.0231038328992224616 0.00793747585771001699 0.0117714387318025859 -0.0286368206484180279 0.00113303326182978906 -0.00195930405506787022
0.00889792797801576205 0.00709454971347439275 0.1294171691232682 -0.0160151641734850303 -0.654888577454153298 1.12617233501288161 0.0106377424525881514 -0.024656363776469032 0.154266004308193899 0.00290559850396986249 0.0142615578872212264 -0.00390423715817197862
0.00116454374062940165 0.0192132569186619639 0.00112430768599094759 -0.147176934976655766 0.0231038328992224616 0.0106377424525881514 0.851485846180261796 0.66505534169946412 0.00718912427677950456 0.132390402542971242 -0.0063713329412062418 -0.0315892392990783505
0.00548961344233526299 0.000692036451608132007 -0.0217261647618543427 -0.0123042908322734176 0.00793747585771001699 -0.024656363776469032 0.66505534169946412 0.96925967757090481 0.692078701545348118 0.0117959383647471619 -0.021794861458470375 -0.0101297084802305683
-4.11656979765476626e-05 -0.00689384636672259708 -0.00188863843907627164 0.00163330571665843381 0.0117714387318025859 0.154266004308193899 0.00718912427677950456 0.692078701545348118 1.18006773041809532 0.0821320909931635285 0.0298535564241001819 0.100187016687496258
0.00186585056131537857 -8.79978669303451837e-05 0.00199996627648002002 -0.00307711595223475942 -0.0286368206484180279 0.00290559850396986249 0.132390402542971242 0.0117959383647471619 0.0821320909931635285 0.978575336760021397 0.411380335800309749 -0.094118165252392777
-2.16395204656884244e-05 0.000318301410522401067 0.000411925866090327058 -0.00659729369079872438 0.00113303326182978906 0.0142615578872212264 -0.0063713329412062418 -0.021794861458470375 0.0298535564241001819 0.411380335800309749 0.535021886350186771 -0.763029458092039259
-0.00024804807202647301 4.33918263177318956e-05 0.00139894852233851089 0.00157469001260725433 -0.00195930405506787022 -0.00390423715817197862 -0.0315892392990783505 -0.0101297084802305683 0.100187016687496258 -0.094118165252392777 -0.763029458092039259 1.48925694656141427
0 3 0 3
1 0 0 0
0 1 0 0
0 0 1 0
0 0 0 1
1 2 1 2
1.53357605217136217 0.494764809365122959 0.063623248937884111 -0.00275664631974314664 0.00129629689872396564 -0.00472103836010462352 0.000946674716897046714 0.000224606920864425103
0.494764809365122959 1.46671480839312784 -0.00511616296887675535 -0.062077034875626734 0.0146707636205904452 0.00193734462638390711 0.000806989043742032709 -0.000714290126214094101
0.063623248937884111 -0.00511616296887675535 1.52842147067864831 0.489024067984314637 -0.0765927661506163315 -0.00802095962706989019 -0.00492931579432767664 0.00430142225979432413
-0.00275664631974314664 -0.062077034875626734 0.489024067984314637 1.47081892496797417 -0.0101982214561298218 0.0757945434652515515 -0.0162219077948518239 -0.00554991907033711152
0.00129629689872396564 0.0146707636205904452 -0.0765927661506163315 -0.0101982214561298218 1.35954818132746502 0.468982954857134926 -0.0576161966086088662 -0.0286580064741837615
-0.00472103836010462352 0.00193734462638390711 -0.00802095962706989019 0.0757945434652515515 0.468982954857134926 1.63651528420511605 -0.0579012472182809379 0.047231564473250387
0.000946674716897046714 0.000806989043742032709 -0.00492931579432767664 -0.0162219077948518239 -0.0576161966086088662 -0.0579012472182809379 1.06418151127672234 0.230436690817332118
0.000224606920864425103 -0.000714290126214094101 0.00430142225979432413 -0.00554991907033711152 -0.0286580064741837615 0.047231564473250387 0.230436690817332118 1.94022376697957988
2 1 2 1
1.99999999999999933 0 0 0
0 1.99999999999999911 0 0
0 0 2 0
0 0 0 1.99999999999999956
sn_d_ud
6
-2 1 -2 1
0 0 0 0
0 0 0 0
0 0 0 0
0 0 0 0
-1 2 -1 2
0 0 0 0 0 0 0 0
0 0 0 0 0 0 0 0
0 0 0 0 0 0 0 0
0 0 0 0 0 0 0 0
0 0 0 0 0 0 0 0
0 0 0 0 0 0 0 0
0 0 0 0 0 0 0 0
0 0 0 0 0 0 0 0
0 1 0 1
0.195516811644537797 -0.313637935471283102 0.232307445964191672 -0.0483665116381635923 0.0505311960301635735 -0.00225499282721143817 0.00436233397285230168 0.00318511565689330893 0.00508909990086196806 0.000917252353242501242 0.000753783413352939499 -0.000440885824440266671
-0.313637935471283102 0.509491928336145983 -0.383893638016731487 0.0437221918412176586 -0.0267989110932630482 -0.0373118203239895044 0.00681311777289785644 0.00944217738466527658 -0.00282472186650317876 -8.99536517717569107e-05 -0.000252086959700755712 -0.00110263697942887431
0.232307445964191672 -0.383893638016731487 0.296008153828322629 0.0027083410624432749 -0.0376242621409976635 0.0721511282347345601 -0.0143231234598517818 -0.0139833098318914544 0.00384497449977896574 0.000904565489868711212 0.000944243348178357882 0.000606575801316933312
-0.0483665116381635923 0.0437221918412176586 0.0027083410624432749 0.193168140379043785 -0.306199018187297778 0.225277447459802799 -0.0613024529175157651 -0.0563867476952161634 -0.00960299098720882732 -0.00235857880050173484 -0.00225720271574969371 0.00691569856300650824
0.0505311960301635735 -0.0267989110932630482 -0.0376242621409976635 -0.306199018187297778 0.498682133992218057 -0.38106372628761781 0.0598402900601947701 0.0279565726225172971 -0.04217082564798557 -0.0123310472042928061 -0.00712263632951028007 0.000311467304936942455
-0.00225499282721143817 -0.0373118203239895044 0.0721511282347345601 0.225277447459802799 -0.38106372628761781 0.306425906224468469 -0.00847639512598028812 0.0394167188326965401 0.0883825894633693682 0.0211550159905207723 0.0090490150749361984 -0.000328123732610859607
0.00436233397285230168 0.00681311777289785644 -0.0143231234598517818 -0.0613024529175157651 0.0598402900601947701 -0.00847639512598028812 0.178569026011954624 0.277282211914419874 0.238371532025671157 0.0592522619169613685 0.0314895010183335738 -0.0281424359352438827
0.00318511565689330893 0.00944217738466527658 -0.0139833098318914544 -0.0563867476952161634 0.0279565726225172971 0.0394167188326965401 0.277282211914419874 0.446758964583720219 0.397907613786485759 0.0738812386589997178 0.00887226999792420194 0.0245519402969667892
0.00508909990086196806 -0.00282472186650317876 0.00384497449977896574 -0.00960299098720882732 -0.04217082564798557 0.0883825894633693682 0.238371532025671157 0.397907613786485759 0.366590706210746242 0.0536159398509485421 -0.017120024601598987 0.0644360130700222106
0.000917252353242501242 -8.99536517717569107e-05 0.000904565489868711212 -0.00235857880050173484 -0.0123310472042928061 0.0211550159905207723 0.0592522619169613685 0.0738812386589997178 0.0536159398509485421 0.0911919367680364273 0.142240059778134337 -0.224037889326208994
0.000753783413352939499 -0.000252086959700755712 0.000944243348178357882 -0.00225720271574969371 -0.00712263632951028007 0.0090490150749361984 0.0314895010183335738 0.00887226999792420194 -0.017120024601598987 0.142240059778134337 0.252164791686150358 -0.408463999519793564
-0.000440885824440266671 -0.00110263697942887431 0.000606575801316933312 0.00691569856300650824 0.000311467304936942455 -0.000328123732610859607 -0.0281424359352438827 0.0245519402969667892 0.0644360130700222106 -0.224037889326208994 -0.408463999519793564 0.665431500334656922
0 3 0 3
0 0 0 0
0 0 0 0
0 0 0 0
0 0 0 0
1 2 1 2
0.533576052171361503 0.494764809365122904 0.0636232489378840693 -0.00275664631974306684 0.00129629689872395783 -0.0047210383601045975 0.000946674716897052786 0.000224606920864425103
0.494764809365122904 0.466714808393127734 -0.00511616296887675535 -0.0620770348756266507 0.0146707636205904296 0.00193734462638390538 0.000806989043742049623 -0.000714290126214087162
0.0636232489378840693 -0.00511616296887675535 0.528421470678649086 0.489024067984314081 -0.0765927661506162344 -0.0080209596270699457 -0.00492931579432785011 0.00430142225979422699
-0.00275664631974306684 -0.0620770348756266507 0.489024067984314081 0.470818924967974894 -0.0101982214561297385 0.075794543465251607 -0.0162219077948516609 -0.00554991907033702825
0.00129629689872395783 0.0146707636205904296 -0.0765927661506162344 -0.0101982214561297385 0.359548181327465022 0.468982954857134537 -0.0576161966086086025 -0.0286580064741837059
-0.0047210383601045975 0.00193734462638390538 -0.0080209596270699457 0.075794543465251607 0.468982954857134537 0.636515284205116272 -0.0579012472182812155 0.0472315644732506645
0.000946674716897052786 0.000806989043742049623 -0.00492931579432785011 -0.0162219077948516609 -0.0576161966086086025 -0.0579012472182812155 0.0641815112767225582 0.230436690817332396
0.000224606920864425103 -0.000714290126214087162 0.00430142225979422699 -0.00554991907033702825 -0.0286580064741837059 0.0472315644732506645 0.230436690817332396 0.940223766979581432
2 1 2 1
0.999999999999999667 0 0 0
0 0.999999999999999556 0 0
0 0 1 0
0 0 0 0.999999999999999778
dA_d
6
2 1 1 2
-0.9087996417807781 0.920529002459773094 0.440716796144466516 -0.326859127205385236 0.14180520805654151 -0.0662142398713805591 0.0336913255575882753 -0.00363803198217029205
-0.316985607890267085 0.448449348510877199 -0.755663144765269301 0.768921713367795467 -0.615489124054072412 0.326245620024338989 -0.223813045822716439 0.0281170885983281597
0.0796716413681263086 -0.133092365499325932 0.411948370524053586 -0.580387639035120473 -0.801200316681453528 0.595950599210422483 -0.678928009696189938 0.106608038090771406
-0.0101813903055531941 0.0193995595342543077 -0.0905401342217758281 0.153084447914717287 0.489945008173161889 -0.510873550640171148 -1.16596155605502516 0.327694043747092212
1 2 0 3
0.839880833841109564 -0.297526546911524636 0.0785432484290392585 -0.0165280129635465081
0.741652905116724548 -0.369258537759878269 0.113922753907405361 -0.0263233613963626649
0.396504693714176903 0.692409366277645488 -0.377608035725857383 0.115748324941872191
0.263960840677418429 0.62692376524253246 -0.466628670585299776 0.160553226073955557
-0.0984513158818679096 -0.434183835715411692 -0.50571148373644681 0.292181283474592213
-0.0872568348697757984 -0.436765097220822796 -0.704191750731871347 0.510401213876936266
0.010177515115327088 0.0718583960166520458 0.223978201392323412 0.202086173015708664
0.0158068683013858277 0.134977649314646092 0.564558285857842068 1.03592507906634945
1 2 0 1
-0.703860684625638222 -0.323153382776337927 0.111126571207007724 -0.319116771062109061 -0.091401438219686354 0.0420740987707235586 -0.0897009837564183704 0.0258140702496346165 0.00490891422127068267 0.0165882256177558342 -0.00642788451390908545 -0.00130521205377079905
0.138787848401748848 0.542746508536093963 0.573947749046905931 0.0644310167059891914 0.262418002923695937 0.204363499080452843 0.00614283831116273389 -0.0742679212012389428 0.0537219355796871231 0.00789709306344973244 0.00882739922710021503 0.0056517117954069775
-0.244660989483016567 -0.166354001214551184 0.0407217536713271461 0.597302490084322013 0.271677204982199383 -0.0910018172700285261 0.410037939730306333 -0.148343730210746594 -0.0176059009594383732 -0.11736663567789582 0.0577227093047317091 0.0135819891714879393
0.0499747290808414957 0.204507535402614321 0.304095176016773772 -0.115866563448522655 -0.443319741519112687 -0.476031101974560666 -0.0463559915736471984 0.332906199150612203 -0.26256306998294221 -0.0378620195224919978 -0.0755434984390284114 -0.0466653862926988822
0.0644512188680449599 0.0629103666209564205 0.0119072339157598704 -0.329374998449531387 -0.255121522932439726 -0.00895669179743960667 0.528935507247004333 -0.35342445845853343 0.051899054258742798 -0.356613020558100513 0.305680530433605213 0.101630636452721801
-0.00154586881795456188 -0.0440034584757065528 -0.0945631296314657366 0.00309809961882803785 0.21139786841276817 0.38334424586126814 0.0561533101842254245 0.369945578127532704 -0.465224647628666887 -0.145779067598585332 -0.264515074803492345 -0.177604480201590281
-0.0120549940471318846 -0.0176480956497798366 -0.0143657398119004347 0.0911609334062076088 0.110348316008234804 0.0654098267465130223 -0.288899520355601236 0.334220472672389413 -0.150459950428346118 -0.326077723424121224 0.718240561590310023 0.320124881467261091
-0.00336898161580404193 0.000811097901132361754 0.0108219987907352145 0.0310866631541650111 -0.00955081794101925348 -0.0847392681011263776 -0.171767831838340962 -0.0537007279300555015 0.309904785773245539 -0.490321602547121316 -0.209887515170746941 -0.329581060133890047
0 3 -1 2
-0.759713030837705028 -0.510118582658613096 -0.350803208160632207 -0.166986693799023894 -0.0898797626292664881 -0.0579665966944170677 -0.00824266672523719067 0.0126986622391930953
-0.277385853324592757 -0.271431437653937679 0.638913938915844359 0.416491127948855899 0.406409311944729013 0.295254847058218695 0.0597272118242590105 -0.108604275460843169
-0.0743824694070202297 -0.0860962562046456159 0.360173548961054357 0.33331004943249487 -0.50641331042814397 -0.494802066716384992 -0.194155484681296953 0.455251831463791667
-0.0158061253966829997 -0.0202152472109143472 0.11196284916720807 0.117487851956665224 -0.303766710869088685 -0.371842728702722669 0.198037065200059481 -0.838595567907887363
0 1 -1 2
-0.852575398147023322 0.148567069468631713 -0.282338316253966715 0.0570813545687328394 -0.0720488325379266409 0.00272957242000348467 -0.0121631349197921877 0.00453124852138858322
0.595792607733602098 -0.731214231702103534 0.271447266670856169 -0.272877132277331069 0.0943213315514402073 -0.0573201820686129668 0.024841669201151044 -0.00146457350290939755
0.18089606110259554 0.914646599165792384 0.0865913818777251376 0.459906635904449468 -0.00681795644031779439 0.142354758878625143 -0.0229874417182388859 -0.0153880132789374069
0.402603142389101221 -0.0482935015734284392 -0.698846542034872398 0.123547648519501951 -0.366180820016462516 0.00189997015789039343 -0.0903637233658324684 0.0419234246349987905
-0.204339203896226757 0.35273066963726718 0.524200082575733028 -0.590695531094640902 0.419859552455227825 -0.259597011984109949 0.164396154080144352 -0.0147032286298065182
-0.0665645950763922162 -0.346150843674373321 0.150646606914947023 0.774471989521893334 0.00849873856360305532 0.592310848517178634 -0.118378162809000154 -0.12042450386605287
-0.117822146143191975 0.00221776846675813362 0.521822428241936032 -0.0506961093798515006 -0.637638890870774855 -0.0655488089278919717 -0.310706679729751523 0.235183938880770049
-0.0516644432420825389 0.0909317072572862345 0.269407509635241238 -0.413622050433839816 -0.559383223924747153 0.404283788290605406 -0.482760582709848562 0.0724260156042710462
0.00660101581084378535 0.0989836184152180082 -0.0281977563695806309 -0.477008950910845664 -0.0835427483608560811 0.796339016093431051 -0.32524457705828963 -0.44155916174198262
-0.0243999780919636165 -0.00824100832139412938 0.170025307741882431 0.0296606790260002771 -0.51851202296852994 -0.130279224268272487 0.434575820729478424 -0.688069883265075566
-0.00671238128233284798 0.00680779488295944757 0.0564469920123059771 -0.062039451451334611 -0.276503849979442884 0.220868438935709926 0.63425962362687538 -0.0193083204412407283
0.00486629931539483713 -0.0141722097232001455 -0.0439677318588580432 0.120854030444466784 0.285773182725649499 -0.465758153836573874 -0.917839450473647234 -0.575731994393482438
-1 2 -2 1
-0.55145413853962677 0.184216517835718796 0.0451795757157351929 0.0056592736088708186
0.729189906805891574 -0.341305000229104261 -0.0993594932809515052 -0.0142636760061420134
0.276901186982841274 0.441658481060835273 0.228831597497338168 0.0486316931615034809
-0.273060575359222013 -0.620959251850531024 -0.447570203547612622 -0.115239067359753186
-0.0924254955978180137 -0.39328552710073339 0.483658753569348954 0.284398797212016607
0.0618452176106110488 0.297894139040078054 -0.51504190648325654 -0.410529456179165253
0.0238008169822902793 0.157842225747776399 -0.477568460671029371 0.816025370587423193
