# Input file for NRG Ljubljana
# symtype  QS
# Using sneg version  2.0.13
#!9
# Number of channels, chain sites, subspaces: 
1 24 6
# SCALE  1
# Energies (GS energy subtracted, multiplied by 1/SCALE):
-2 1
4
0.11740429729668792 0.6201970259008729 1.1621379527654212 1.8897019501089483
-1 2
8
0.06321085568226961 0.21761642567690526 0.577153216206329 0.7079678288880261 1.1084648844302953 1.2221029445216067 1.6508722022801277 1.9114940944582994
0 1
12
0. 0.13097658369758558 0.2954965403066905 0.5257664238148171 0.6375833659761071 0.7747472189582336 1.0607642718172758 1.1821054924135106 1.292883912170456 1.6158356655696064 1.9127841026285997 1.9793801008629062
0 3
4
0.1673603065179824 0.6673603065179824 1.1673603065179823 1.6673603065179823
1 2
8
0.0871458667903178 0.23371911249805633 0.6012879894387065 0.7238136788937027 1.1260284664051807 1.2443735963228586 1.6537443099003435 1.9487694318946942
2 1
4
0.1574042972966879 0.6601970259008726 1.2021379527654206 1.9297019501089485
# Irreducible matrix elements for Wilson chains:
f 0 0
6
2 1 1 2
-1.0320714508052033 -0.9624289554995145 0.07921920393905124 0.04604370259887845 0.0116809170943864 0.00486042427748469 -0.0017965026844807552 -0.00016204008296329814
-0.04413531296663152 0.08389902506884944 1.0234965509292941 -0.9643870507167446 -0.10542209621857535 -0.044559531557203644 0.017973676406154736 0.0017410112759660423
0.005701275675500056 -0.010965538791389754 -0.054703713863807124 -0.09681347189817631 0.839928625670581 -1.125825824021247 0.11995096354929571 0.011392622736629665
0.00044088612584736175 -0.0009126630703740479 -0.0054381071990628055 -0.01012894149530899 0.04864158959957593 0.059477784090859354 0.33711794439274834 -1.371245668991919
1 2 0 3
0.8354205957321448 -0.04091450021842269 0.00580148190692895 -0.0008345352398270769
-0.8917481165120988 -0.06794227354002509 0.009735775054600167 -0.001465011171149425
0.07290730364815394 -0.836148583143174 0.053224228186125246 -0.008662995927230806
-0.03784868416447513 -0.8860636168169087 -0.08394062511131462 0.013576747192032652
-0.008193949504081921 -0.0755292408247153 0.9762434578107435 -0.04306543930454245
0.0064642546221256566 0.06039516488223394 0.7295672307692006 0.09627755164685757
-0.0005463246482321489 -0.00581261502104117 -0.036742316277792036 1.1842059155043327
0.0007079820122541452 0.008404543116543619 0.05764615811750856 0.2937177767881765
1 2 0 1
-0.6444362697891345 0.5882611854922734 -0.04255622214442397 0.05804979740370373 -0.013249060338102529 -0.004882229174362921 0.0073510350316451775 0.0018810417865356244 -0.00032484227253689625 -0.0008658060727616285 0.00028092694990686766 0.00005503592142696163
0.047380242156158214 0.4214895862954729 -0.7412805354904796 -0.017602803201561195 0.05184397262356756 -0.030138633975007257 -0.0005926249362270537 -0.006248215805743092 -0.004046953126532848 -0.0004558927115472197 -0.0004194742667348856 -0.0002583212670569
0.03246551229494525 0.028222000907614255 -0.010625299901418368 -0.631049463858868 -0.597230468608076 -0.04185937249109406 0.0712034448787213 0.02037837555184596 -0.002031168214392816 -0.009230224341737972 0.003511719028273165 0.000786366845517565
0.0055088852182033285 0.027524155689281203 0.056647942400540365 -0.04667984014827277 0.4102014306677039 0.7457126801833429 0.010976900101703909 0.05795886128922864 0.03681356140701696 0.003386634104210295 0.0050695113915611555 0.002965481602196044
-0.004566903412656272 -0.005044481711318105 -0.0011439172661166334 0.04378141666983497 -0.04167459640755759 0.0020343830343874264 -0.6466477944876466 0.5028653245132794 0.024817562245810162 -0.058091433480353685 0.031000448492718706 0.009502473828590928
-0.00009912014097024826 -0.003153383720413484 -0.007951552909385698 0.00034398847496419703 -0.02779726616507919 0.06512931768477853 0.024401734146461226 -0.4740370215141986 0.765188923556056 0.03131271722063395 0.03157528080337852 0.01927981205702958
-0.0005816191519569055 -0.0009247072159615648 -0.0008438962505240839 0.006448344618316055 -0.008664495342002249 0.005937390626617695 -0.038872888143124534 -0.05654101086727921 -0.033267621557022446 -0.6863141263295152 -0.22122973810300228 -0.07843815315771885
0.00013793619567741106 -0.00003560155345844478 -0.000522279521795094 -0.0017430440017876375 -0.0005811875504368102 0.005759018267849787 0.015433570347096356 -0.005588756626306914 -0.03769990897060152 0.11750686655148775 0.4653730041531314 -0.859071847423322
0 3 -1 2
-0.5820129564603531 -0.8098829517553086 -0.0683029054564051 -0.02464562539892981 0.007620160034668934 -0.0043850178117667915 0.0004433194326716342 0.0005809225538522531
-0.03663363253027347 0.048154285727154036 -0.5651213954263192 0.8183504466820497 -0.07351266153299332 0.04246641015692445 -0.004845434038949246 -0.006964980411861367
-0.005375053521000499 0.007232989330531916 -0.04869086099488417 -0.05789013868373573 -0.6860624263361189 -0.7211836040130368 0.032039266247672414 0.048813588831598816
-0.0007861775854835344 0.0011125712517610115 -0.008194170587211955 -0.009770948318220684 -0.043366032196679435 0.06663282802298205 0.9583316220616119 -0.2740720414148442
0 1 -1 2
-1.07617076174572 -0.05447170203445101 0.03903181635941596 -0.0064331075031528375 -0.005186149955073285 -0.00017820787530815094 -0.000587857591281701 -0.0001891406961104757
-0.7014957812357245 0.6733905935028133 -0.04854211703804869 0.03773444617316131 0.007699072627555032 0.004191529958126236 0.0013040885227798157 0.00006563038998798072
-0.062136491319809695 0.9370587132984677 -0.02452983813649609 -0.08896435081846572 -0.0006691456339322126 -0.012257919193026207 -0.001353228138435891 0.0007597696039298833
-0.06944697103958163 -0.012504507391009313 1.0851015218303288 -0.05410318391210676 -0.05014086058244553 -0.00021770463129349262 -0.006408270325356026 -0.0024138980523286603
-0.028385602206509243 -0.06701440718755776 -0.6921233097256727 -0.6696177322336886 -0.07114304585776932 -0.03543567324264619 -0.012944892758748184 -0.0009209027646434763
0.007464251364894872 -0.049573352829773154 0.060831098171381055 0.9253442455286511 0.0020319608422879496 -0.10564203255311898 -0.010780666028194785 0.00845261636059445
0.009423903503087413 0.0002098710477842774 0.08609275039192885 -0.011465433900384401 -1.066573778665456 0.03241651970103336 -0.04201063058078928 -0.022057488615977845
-0.0036841951200837116 -0.007522429005184656 -0.03553273554899268 0.06960481595047235 -0.6060830432625182 0.806480852800776 0.08217034345676717 0.00792274508939509
-0.0004283129221459552 0.00734491667403179 -0.003143438528406446 -0.06506883434640688 0.03614457244514023 0.8976800222032995 -0.07249053493905153 0.05695238260256271
0.0012539002133370642 -0.0004702676888925436 0.013060831833267603 0.0026067448257978826 0.08154051299293504 -0.026400595144939323 0.9896564284396074 0.18568736182296214
0.0002895643846623434 0.00032043050985954366 0.0033720531539239923 -0.004108536841058878 0.02742917835475043 0.025515031838776837 -0.19321991881972378 -1.1942413334856057
-0.00020263059235274555 -0.0006418447314968843 -0.00250181870049494 0.007584287734824526 -0.026180965274928244 -0.04907334611936437 0.22292612445182047 -0.6766750525121527
-1 2 -2 1
-0.8119003518214479 0.026389078092961836 0.0032802982129468486 -0.00024721976754533276
0.5805777982543623 0.06764409165670635 0.008393393203269343 -0.0006806330596912484
0.04805561750652401 -0.8186833035616562 -0.031211275654973947 0.002956269442574877
-0.03689202017875941 -0.5644858917512202 0.07862898427516098 -0.007780724191383523
0.00744100581936591 0.06426727554953066 0.7189897357099586 -0.029045909286095017
0.004466860207981463 0.03948875180333722 -0.6853064985322259 -0.04906464990192344
-0.001238389427189835 -0.012219162530850664 0.07796558188303077 -0.27261848673968714
0.0001426303916083685 0.0015059037306673628 -0.009605246112405486 -0.9603948939861008
# GS energy in absolute units:
e
-0.1973603065179824
# Irreducible matrix elements for other operators:
sHimp
6
-2 1 -2 1
-0.07995600922129464 -2.8514517136368767e-17 -6.570265165262157e-17 2.5804011705155006e-17
-6.071532165918825e-17 0.4228367193828908 2.5673907444456745e-16 -2.1510571102112408e-16
-7.632783294297951e-17 2.914335439641036e-16 0.964777646247438 1.6653345369377348e-16
4.163336342344337e-17 -1.3877787807814457e-16 1.1102230246251565e-16 1.6923416435909664
-1 2 -1 2
-0.06190312387662976 0.023461628949919565 0.002685380489219535 -0.022648886196268127 0.008513624069819379 0.0014576560639115355 -0.0010393397726973193 0.0005897746552563153
0.023461628949919565 -0.043482176032541196 -0.040707888559879 0.0037129677327987437 0.0009854727862219216 -0.008667078063599155 0.002346581378223977 0.0008156307081296887
0.0026853804892195427 -0.040707888559878995 0.4365317033654412 -0.02141542523303138 0.008394833252023014 0.028674092889923765 -0.011245798371229602 -0.0021905042938336924
-0.022648886196268134 0.0037129677327987455 -0.021415425233031374 0.45882356019799186 0.050485437892188845 -0.004882886209631776 -0.00501020521460948 0.010075524751430092
0.008513624069819379 0.0009854727862219142 0.008394833252023021 0.050485437892188824 0.9637718483516344 0.0023286455919293006 -0.01509455934084418 0.025814383979675785
0.0014576560639115333 -0.008667078063599138 0.028674092889923723 -0.004882886209631783 0.0023286455919291895 0.9697111350656585 0.04224384986577205 0.024989533451672964
-0.001039339772697323 0.0023465813782239746 -0.01124579837122961 -0.005010205214609461 -0.01509455934084418 0.04224384986577205 1.4827577996896852 0.057795583268396844
0.0005897746552563042 0.0008156307081296935 -0.0021905042938337688 0.01007552475143003 0.0258143839796757 0.02498953345167313 0.0577955832683969 1.6737892532387593
0 1 0 1
-0.04777626746217066 -0.016937255716322864 -0.018606300792011612 -0.002524924267134043 -0.02634480852284009 0.0014027566804933386 0.016277635356138714 -0.0015928237481967328 -0.0004250605694607942 0.0004390240514491013 0.0010130571711129788 -0.00025101066438524563
-0.016937255716322867 -0.050598499938347384 -0.01012413347828157 -0.052355007280208754 -0.002227336924990244 0.03617499047943554 -0.0013725237729857167 0.001196635170951962 -0.0014099072325355199 0.004433807379124671 -0.00009172739115737556 0.0003073056951607891
-0.018606300792011612 -0.01012413347828156 -0.033273136860385924 -0.004410346726615647 0.06311786959130052 0.003180177477846165 0.001277599346702577 -0.0023061368829543284 -0.01817497477074243 -0.0002896547027283776 -0.001950493991327611 0.0005853387864958949
-0.0025249242671340376 -0.05235500728020876 -0.004410346726615634 0.44896354162386787 0.017239819843020067 -0.01533737181833515 -0.005237482129843962 0.03637967812054383 0.0004943810655836338 -0.022141981910207022 0.0004927405139688384 0.004699611037982258
-0.026344808522840105 -0.002227336924990246 0.06311786959130052 0.017239819843020046 0.44732446996181174 0.009647523775908542 0.0700957343804948 -0.0007305487459900318 -0.039284459360369804 -0.0018924206442750863 0.004228195163624644 0.0011885621182388358
0.0014027566804933373 0.03617499047943553 0.003180177477846169 -0.015337371818335142 0.009647523775908532 0.46909967601345837 -0.0018393421302658152 -0.07653035224308229 0.006123335834859358 -0.010752302855961161 -0.005002649007965297 -0.018225606284093962
0.016277635356138707 -0.001372523772985717 0.0012775993467025889 -0.005237482129843957 0.07009573438049477 -0.0018393421302657872 0.9677412779823475 -0.011369952912419651 0.008578326969989607 0.007785525048281366 0.0461277570501326 -0.012251458764993244
-0.001592823748196742 0.001196635170951954 -0.0023061368829543224 0.036379678120543844 -0.0007305487459900347 -0.07653035224308231 -0.011369952912419611 0.9828333941208282 -0.016191213210626942 0.07923885744929691 -0.008244867928063447 0.0113070247883975
-0.0004250605694607924 -0.0014099072325355112 -0.018174974770742425 0.0004943810655836386 -0.03928445936036977 0.006123335834859343 0.00857832696998965 -0.016191213210626925 0.9836587299519709 -0.009222148852752314 -0.05952514951288051 0.016688604644331625
0.00043902405144910603 0.0044338073791246714 -0.0002896547027283665 -0.022141981910207033 -0.0018924206442750549 -0.010752302855961168 0.007785525048281364 0.0792388574492969 -0.009222148852752262 1.4998268694242711 -0.024180362243637864 -0.09187756747203693
0.001013057171112982 -0.0000917273911573749 -0.0019504939913276129 0.0004927405139688309 0.004228195163624644 -0.005002649007965287 0.04612775705013252 -0.008244867928063459 -0.05952514951288055 -0.0241803622436379 1.6900064677671198 -0.027353240551142688
-0.00025101066438524644 0.000307305695160787 0.0005853387864958948 0.0046996110379822435 0.0011885621182388389 -0.01822560628409397 -0.012251458764993275 0.011307024788397589 0.016688604644331553 -0.091877567472037 -0.027353240551142646 1.6821934774152278
0 3 0 3
-0.03 0. 0. 0.
0. 0.47 0. 0.
0. 0. 0.97 0.
0. 0. 0. 1.47
1 2 1 2
-0.03422430171974801 -0.0049243094420269385 0.0007288468806754408 0.022183777156457772 0.008544848190130275 -0.0008705501667459137 -0.0007710043135917451 -0.0006556700337428195
-0.00492430944202694 -0.031209423184493407 0.041149059301406866 0.00034236820369111894 0.0011819888769895358 0.008667957127692109 -0.0024303750705978607 0.0008268669332398796
0.0007288468806754535 0.04114905930140688 0.46468921418001213 0.00340825541051104 0.005465568272710122 0.028559075125637077 -0.010419021345448146 0.003846079071031787
0.022183777156457786 0.00034236820369113255 0.0034082554105110694 0.4706933676629394 -0.05036400552423413 0.009092387179107663 0.006562404247799084 0.00953396568472794
0.008544848190130284 0.0011819888769895345 0.005465568272710126 -0.05036400552423412 0.9789540537098407 -0.016386457411434602 -0.008655336054066785 -0.029210935625922474
-0.0008705501667459221 0.008667957127692104 0.028559075125637094 0.009092387179107653 -0.016386457411434574 0.9947191275134488 0.043625636175948446 -0.022036845977899677
-0.0007710043135917399 -0.0024303750705978585 -0.010419021345448143 0.006562404247799081 -0.008655336054066778 0.043625636175948446 1.4809225620006654 -0.06023141675822466
-0.0006556700337428251 0.0008268669332398802 0.003846079071031794 0.009533965684727974 -0.02921093562592242 -0.022036845977899677 -0.06023141675822466 1.7154553998373359
2 1 2 1
-0.03995600922129462 4.537386091851836e-17 -7.692414413784654e-17 -1.929879867024198e-17
7.979727989493313e-17 0.4628367193828909 -2.220446049250313e-16 -1.457167719820518e-16
-5.724587470723463e-17 -3.191891195797325e-16 1.0047776462474378 -2.7755575615628914e-16
-1.3877787807814457e-17 -1.942890293094024e-16 -3.3306690738754696e-16 1.732341643590966
sHpot
6
-2 1 -2 1
-0.07995600922129464 -2.8514517136368767e-17 -6.570265165262157e-17 2.5804011705155006e-17
-6.071532165918825e-17 0.4228367193828908 2.5673907444456745e-16 -2.1510571102112408e-16
-7.632783294297951e-17 2.914335439641036e-16 0.964777646247438 1.6653345369377348e-16
4.163336342344337e-17 -1.3877787807814457e-16 1.1102230246251565e-16 1.6923416435909664
-1 2 -1 2
-0.05169980546276075 0.037548385520314836 0.004507093995168612 -0.023108373154713226 0.008573015658456334 0.0016022696704228792 -0.0010695240751537021 0.0005858789069520977
0.03754838552031484 -0.023733692490724306 -0.03987559722602163 0.005481094636261807 0.0005438152636146673 -0.008653454725406233 0.0023677489767459925 0.0007928988250353611
0.004507093995168613 -0.03987559722602163 0.44632566605059365 -0.03515198102429837 0.010638335782923187 0.029000189360293395 -0.011446941585508467 -0.00207754234953551
-0.023108373154713233 0.005481094636261806 -0.03515198102429834 0.479036108198708 0.049879229489798414 -0.002604121304798755 -0.005466047873972349 0.009899664940255945
0.008573015658456333 0.0005438152636146643 0.010638335782923166 0.049879229489798435 0.9781125816663336 0.0169906097458416 -0.016989971274838714 0.025181764642195424
0.0016022696704228753 -0.008653454725406214 0.02900018936029336 -0.002604121304798783 0.016990609745841545 0.9855021855308705 0.043460123080966834 0.023376611045956834
-0.0010695240751537047 0.00236774897674599 -0.011446941585508472 -0.005466047873972339 -0.016989971274838693 0.04346012308096682 1.5103412903053277 0.0499639648717673
0.000585878906952084 0.0007928988250353711 -0.002077542349535597 0.009899664940255896 0.02518176464219534 0.023376611045957004 0.0499639648717673 1.6761156662016514
0 1 0 1
-0.02265735300955591 -0.03841934450245824 -0.019069724946640845 -0.0060764375768435274 -0.026701031350565185 0.0016696945198338157 0.016312571668357603 -0.001757512151466803 -0.00042629554040008746 0.0004949995682885599 0.001012407985499009 -0.0002584521065460436
-0.03841934450245825 -0.01908079986817915 -0.030295247676725513 -0.05191059312357351 -0.0016993902742921034 0.036387826970839754 -0.0007961260654258736 0.001175874077403732 -0.0016167226235371957 0.004431167443116772 -0.00008217834884171535 0.00030860744995033407
-0.019069724946640856 -0.03029524767672551 8.579423231908587e-6 -0.003535447169749669 0.06263739206470659 0.007062692551544228 0.001311328577282309 -0.0016543519400987051 -0.018231633923914723 -0.0002296557144339836 -0.001938136215344888 0.0006273072421660443
-0.0060764375768435205 -0.05191059312357351 -0.003535447169749659 0.4733261588896515 0.038489607754737136 -0.015817826743539737 -0.009652790179143578 0.03674880684551203 0.0005433802370834078 -0.02223429538877405 0.0002948217032448821 0.0047468517383604655
-0.026701031350565195 -0.0016993902742921075 0.06263739206470657 0.03848960775473713 0.47914832912401417 0.02929418109953315 0.06940261939351809 -0.0004924244702587153 -0.03963760252232387 -0.0010333160248225022 0.0041942041657697425 0.0012473412398908625
0.001669694519833813 0.036387826970839754 0.007062692551544222 -0.01581782674353975 0.02929418109953313 0.5028848460638449 -0.0015202098566881323 -0.0757906613297883 0.010751315964105189 -0.010665134900842043 -0.004574802271348668 -0.01834273339883913
0.0163125716683576 -0.0007961260654258532 0.0013113285772822993 -0.009652790179143559 0.06940261939351813 -0.0015202098566881384 0.9932858533677554 -0.03132161316340356 0.008794000698292974 0.01175723712457052 0.045936617061896425 -0.013199135943965606
-0.001757512151466802 0.001175874077403725 -0.0016543519400987106 0.036748806845511996 -0.0004924244702586891 -0.07579066132978829 -0.03132161316340354 1.0119111844479554 -0.036953574256987406 0.07888497929835457 -0.007591022084309259 0.011610916042804472
-0.0004262955404000927 -0.0016167226235371866 -0.01823163392391472 0.0005433802370834098 -0.03963760252232384 0.010751315964105205 0.00879400069829299 -0.0369535742569874 1.0190607618645138 -0.006758186122957392 -0.058629542820157504 0.019694215144956506
0.0004949995682885619 0.004431167443116778 -0.00022965571443397942 -0.02223429538877406 -0.001033316024822473 -0.010665134900842047 0.011757237124570538 0.07888497929835456 -0.006758186122957359 1.529184129527072 -0.011838952169628537 -0.09470111242960866
0.0010124079854990121 -0.00008217834884171108 -0.0019381362153448906 0.00029482170324487674 0.004194204165769737 -0.0045748022713486824 0.0459366170618964 -0.00759102208430927 -0.0586295428201575 -0.011838952169628542 1.7060571243576252 -0.050244124293903784
-0.0002584521065460442 0.00030860744995033363 0.0006273072421660367 0.004746851738360438 0.001247341239890849 -0.018342733398839135 -0.013199135943965587 0.011610916042804526 0.019694215144956506 -0.09470111242960877 -0.05024412429390372 1.7268711858120704
0 3 0 3
0. 0. 0. 0.
0. 0.5 0. 0.
0. 0. 1. 0.
0. 0. 0. 1.5
1 2 1 2
0.011782979845392835 0.009918634838926736 -0.0011798505874610914 0.022101077766865488 0.008505959283168565 -0.0010121813175490632 -0.000742604072084827 -0.0006624082413687607
0.009918634838926734 0.01279202106730041 0.04130254419047317 -0.001519942842577677 0.0007418659683718284 0.008726077466483618 -0.0024061653992855938 0.0008482956370262926
-0.0011798505874610849 0.04130254419047319 0.5105418583003716 -0.0112624666290184 0.003167785288191634 0.028799703914449172 -0.010271141871618306 0.003975121738825603
0.02210107776686549 -0.0015199428425776702 -0.011262466629018385 0.5148179354119786 -0.05005805888055029 0.011366223483065246 0.006075747013953543 0.009700463256838071
0.008505959283168581 0.0007418659683718232 0.003167785288191647 -0.05005805888055028 1.0197404991496646 -0.030455946057148645 -0.006926850155808524 -0.030070675820147996
-0.0010121813175490617 0.008726077466483621 0.02879970391444915 0.011366223483065263 -0.0304559460571487 1.0438145860396024 0.041888598759399986 -0.02345379291209726
-0.0007426040720848225 -0.002406165399285589 -0.010271141871618306 0.006075747013953539 -0.006926850155808517 0.04188859875939997 1.512848007338967 -0.06714451748274466
-0.0006624082413687685 0.0008482956370262709 0.003975121738825554 0.009700463256838154 -0.030070675820147996 -0.02345379291209726 -0.06714451748274461 1.7736621128467238
2 1 2 1
0.02004399077870538 5.835718193403228e-17 -9.191323917245864e-17 -2.2280354644577116e-17
6.310056643865636e-17 0.5228367193828909 -2.1510571102112408e-16 -1.6653345369377348e-16
-1.196959198423997e-16 -1.3877787807814457e-16 1.0647776462474379 -2.7755575615628914e-16
-6.938893903907228e-18 -2.220446049250313e-16 -3.3306690738754696e-16 1.792341643590966
sn_d
6
-2 1 -2 1
0. 0. 0. 0.
0. 0. 0. 0.
0. 0. 0. 0.
0. 0. 0. 0.
-1 2 -1 2
0.34011061379563357 0.46955855234650945 0.06072378353163586 -0.015316231948169928 0.001979719621231842 0.004820453550378111 -0.00100614341521274 -0.00012985827680725686
0.46955855234650945 0.6582827847272297 0.027743044461912395 0.058937563448768666 -0.014721917420241792 0.00045411127309740465 0.0007055866174005022 -0.000757729436477581
0.06072378353163586 0.027743044461912395 0.3264654228384123 -0.4578851930422319 0.07478341769667225 0.010869882345653897 -0.00670477380929546 0.0037653981432726564
-0.015316231948169928 0.058937563448768666 -0.4578851930422319 0.6737516000238741 -0.02020694674634756 0.0759588301611003 -0.015194755312095711 -0.005861993705804935
0.001979719621231842 -0.014721917420241792 0.07478341769667225 -0.02020694674634756 0.47802444382330445 0.4887321384637426 -0.0631803977998178 -0.021087311249345375
0.004820453550378111 0.00045411127309740465 0.010869882345653897 0.0759588301611003 0.4887321384637426 0.5263683488403987 0.040542440506492264 -0.05376408019053683
-0.00100614341521274 0.0007055866174005022 -0.00670477380929546 -0.015194755312095711 -0.0631803977998178 0.040542440506492264 0.9194496871880747 -0.2610539465543197
-0.00012985827680725686 -0.000757729436477581 0.0037653981432726564 -0.005861993705804935 -0.021087311249345375 -0.05376408019053683 -0.2610539465543197 0.07754709876307166
0 1 0 1
0.8372971484204914 -0.7160696262045131 -0.01544747182097454 -0.1183837769903161 -0.01187409425750304 0.00889792797801592 0.0011645437406295743 -0.005489613442335557 -0.00004116569797655106 0.0018658505613152751 -0.000021639520465671372 -0.00024804807202656235
-0.7160696262045131 1.0505900023389414 -0.672370473281465 0.01481380522117446 0.017598221689937563 0.007094549713473572 0.01921325691866167 -0.00069203645160796 -0.0068938463667223135 -0.00008799786692988012 0.00031830141052208074 0.00004339182631807637
-0.01544747182097454 -0.672370473281465 1.109390542787262 0.029163318562199197 -0.01601591755313079 0.1294171691232688 0.0011243076859908689 0.021726164761854412 -0.001888638439076669 0.0019999662764797204 0.0004119258660906862 0.0013989485223384142
-0.1183837769903161 0.01481380522117446 0.029163318562199197 0.812087242192788 0.7083262637239027 -0.01601516417348532 -0.1471769349766542 0.012304290832273556 0.0016333057166590301 -0.0030771159522341904 -0.006597293690798556 0.001574690012607077
-0.01187409425750304 0.017598221689937563 -0.01601591755313079 0.7083262637239027 1.0607953054067494 0.6548885774541537 -0.023103832899222472 0.00793747585771084 -0.01177143873180282 0.028636820648419162 -0.0011330332618300135 0.001959304055067665
0.00889792797801592 0.007094549713473572 0.1294171691232688 -0.01601516417348532 0.6548885774541537 1.1261723350128827 0.010637742452588493 0.024656363776467616 0.15426600430819387 0.0029055985039709658 0.014261557887220585 -0.0039042371581718854
0.0011645437406295743 0.01921325691866167 0.0011243076859908689 -0.1471769349766542 -0.023103832899222472 0.010637742452588493 0.8514858461802605 -0.6650553416994646 0.0071891242767779156 0.13239040254297177 -0.006371332941206832 -0.03158923929907844
-0.005489613442335557 -0.00069203645160796 0.021726164761854412 0.012304290832273556 0.00793747585771084 0.024656363776467616 -0.6650553416994646 0.9692596775709087 -0.6920787015453487 -0.01179593836474687 0.02179486145847169 0.010129708480229708
-0.00004116569797655106 -0.0068938463667223135 -0.001888638439076669 0.0016333057166590301 -0.01177143873180282 0.15426600430819387 0.0071891242767779156 -0.6920787015453487 1.1800677304180938 0.08213209099316368 0.02985355642410024 0.10018701668749616
0.0018658505613152751 -0.00008799786692988012 0.0019999662764797204 -0.0030771159522341904 0.028636820648419162 0.0029055985039709658 0.13239040254297177 -0.01179593836474687 0.08213209099316368 0.9785753367600224 0.4113803358003095 -0.09411816525239464
-0.000021639520465671372 0.00031830141052208074 0.0004119258660906862 -0.006597293690798556 -0.0011330332618300135 0.014261557887220585 -0.006371332941206832 0.02179486145847169 0.02985355642410024 0.4113803358003095 0.5350218863501794 -0.7630294580920338
-0.00024804807202656235 0.00004339182631807637 0.0013989485223384142 0.001574690012607077 0.001959304055067665 -0.0039042371581718854 -0.03158923929907844 0.010129708480229708 0.10018701668749616 -0.09411816525239464 -0.7630294580920338 1.489256946561418
0 3 0 3
1. 0. 0. 0.
0. 1. 0. 0.
0. 0. 1. 0.
0. 0. 0. 1.
1 2 1 2
1.5335760521713617 0.4947648093651227 -0.06362324893788411 -0.0027566463197431033 -0.0012962968987241218 -0.004721038360104461 0.0009466747168971751 -0.00022460692086449796
0.4947648093651227 1.4667148083931276 0.005116162968876977 -0.06207703487562683 -0.014670763620590535 0.001937344626383966 0.0008069890437421698 0.0007142901262138859
-0.06362324893788411 0.005116162968876977 1.5284214706786503 -0.48902406798431375 -0.07659276615061605 0.008020959627069654 0.004929315794327985 0.004301422259793686
-0.0027566463197431033 -0.06207703487562683 -0.48902406798431375 1.4708189249679744 0.010198221456129475 0.07579454346525191 -0.016221907794851206 0.005549919070336973
-0.0012962968987241218 -0.014670763620590535 -0.07659276615061605 0.010198221456129475 1.3595481813274646 -0.4689829548571341 0.05761619660860913 -0.02865800647418404
-0.004721038360104461 0.001937344626383966 0.008020959627069654 0.07579454346525191 -0.4689829548571341 1.636515284205117 -0.05790124721828174 -0.047231564473251275
0.0009466747168971751 0.0008069890437421698 0.004929315794327985 -0.016221907794851206 0.05761619660860913 -0.05790124721828174 1.0641815112767228 -0.23043669081733217
-0.00022460692086449796 0.0007142901262138859 0.004301422259793686 0.005549919070336973 -0.02865800647418404 -0.047231564473251275 -0.23043669081733217 1.940223766979583
2 1 2 1
2.0000000000000004 6.591949208711867e-17 -1.5612511283791264e-16 -6.938893903907228e-18
6.591949208711867e-17 2.000000000000001 -3.0531133177191805e-16 -1.6653345369377348e-16
-1.5612511283791264e-16 -3.0531133177191805e-16 2. -2.220446049250313e-16
-6.938893903907228e-18 -1.6653345369377348e-16 -2.220446049250313e-16 1.9999999999999998
sn_d_ud
6
-2 1 -2 1
0. 0. 0. 0.
0. 0. 0. 0.
0. 0. 0. 0.
0. 0. 0. 0.
-1 2 -1 2
0. 0. 0. 0. 0. 0. 0. 0.
0. 0. 0. 0. 0. 0. 0. 0.
0. 0. 0. 0. 0. 0. 0. 0.
0. 0. 0. 0. 0. 0. 0. 0.
0. 0. 0. 0. 0. 0. 0. 0.
0. 0. 0. 0. 0. 0. 0. 0.
0. 0. 0. 0. 0. 0. 0. 0.
0. 0. 0. 0. 0. 0. 0. 0.
0 1 0 1
0.19551681164453766 -0.31363793547128255 0.23230744596419145 -0.04836651163816422 -0.050531196030163456 -0.0022549928272112794 0.00436233397285244 -0.003185115656893488 0.005089099900861902 0.0009172523532423463 0.0007537834133530365 -0.0004408858244403503
-0.31363793547128255 0.509491928336145 -0.38389363801673093 0.04372219184121852 0.026798911093262424 -0.03731182032399001 0.006813117772897745 -0.00944217738466521 -0.0028247218665029667 -0.00008995365177156905 -0.0002520869597009254 -0.0011026369794287282
0.23230744596419145 -0.38389363801673093 0.2960081538283224 0.002708341062442628 0.03762426214099836 0.07215112823473516 -0.01432312345985177 0.013983309831891545 0.0038449744997787402 0.0009045654898686116 0.0009442433481784195 0.0006065758013169162
-0.04836651163816422 0.04372219184121852 0.002708341062442628 0.19316814037904284 0.30619901818729706 0.2252774474598022 -0.061302452917515425 0.05638674769521616 -0.009602990987208725 -0.002358578800501259 -0.002257202715749679 0.00691569856300651
-0.050531196030163456 0.026798911093262424 0.03762426214099836 0.30619901818729706 0.49868213399221833 0.38106372628761825 -0.05984029006019475 0.027956572622517734 0.04217082564798536 0.012331047204293547 0.007122636329510189 -0.00031146730493693405
-0.0022549928272112794 -0.03731182032399001 0.07215112823473516 0.2252774474598022 0.38106372628761825 0.3064259062244694 -0.008476395125979872 -0.03941671883269708 0.08838258946336978 0.02115501599052145 0.009049015074936067 -0.00032812373261077124
0.00436233397285244 0.006813117772897745 -0.01432312345985177 -0.061302452917515425 -0.05984029006019475 -0.008476395125979872 0.1785690260119543 -0.2772822119144202 0.23837153202567052 0.05925226191696135 0.031489501018333206 -0.02814243593524397
-0.003185115656893488 -0.00944217738466521 0.013983309831891545 0.05638674769521616 0.027956572622517734 -0.03941671883269708 -0.2772822119144202 0.44675896458372216 -0.3979076137864859 -0.0738812386589998 -0.008872269997923628 -0.02455194029696733
0.005089099900861902 -0.0028247218665029667 0.0038449744997787402 -0.009602990987208725 0.04217082564798536 0.08838258946336978 0.23837153202567052 -0.3979076137864859 0.36659070621074485 0.05361593985094859 -0.017120024601598983 0.06443601307002204
0.0009172523532423463 -0.00008995365177156905 0.0009045654898686116 -0.002358578800501259 0.012331047204293547 0.02115501599052145 0.05925226191696135 -0.0738812386589998 0.05361593985094859 0.09119193676803694 0.14224005977813362 -0.22403788932620994
0.0007537834133530365 -0.0002520869597009254 0.0009442433481784195 -0.002257202715749679 0.007122636329510189 0.009049015074936067 0.031489501018333206 -0.008872269997923628 -0.017120024601598983 0.14224005977813362 0.2521647916861465 -0.40846399951979107
-0.0004408858244403503 -0.0011026369794287282 0.0006065758013169162 0.00691569856300651 -0.00031146730493693405 -0.00032812373261077124 -0.02814243593524397 -0.02455194029696733 0.06443601307002204 -0.22403788932620994 -0.40846399951979107 0.6654315003346588
0 3 0 3
0. 0. 0. 0.
0. 0. 0. 0.
0. 0. 0. 0.
0. 0. 0. 0.
1 2 1 2
0.5335760521713615 0.4947648093651227 -0.0636232489378841 -0.0027566463197431007 -0.0012962968987240363 -0.004721038360104516 0.0009466747168971152 -0.00022460692086449276
0.4947648093651227 0.4667148083931275 0.005116162968876866 -0.062077034875626734 -0.014670763620590468 0.0019373446263839349 0.0008069890437420973 0.0007142901262139727
-0.0636232489378841 0.005116162968876866 0.5284214706786499 -0.48902406798431414 -0.07659276615061607 0.008020959627069855 0.004929315794327814 0.00430142225979363
-0.0027566463197431007 -0.062077034875626734 -0.48902406798431414 0.47081892496797434 0.010198221456129565 0.07579454346525179 -0.016221907794851484 0.005549919070336695
-0.0012962968987240363 -0.014670763620590468 -0.07659276615061607 0.010198221456129565 0.3595481813274645 -0.46898295485713426 0.05761619660860911 -0.028658006474183928
-0.004721038360104516 0.0019373446263839349 0.008020959627069855 0.07579454346525179 -0.46898295485713426 0.6365152842051167 -0.05790124721828173 -0.047231564473251164
0.0009466747168971152 0.0008069890437420973 0.004929315794327814 -0.016221907794851484 0.05761619660860911 -0.05790124721828173 0.06418151127672257 -0.23043669081733237
-0.00022460692086449276 0.0007142901262139727 0.00430142225979363 0.005549919070336695 -0.028658006474183928 -0.047231564473251164 -0.23043669081733237 0.940223766979583
2 1 2 1
1.0000000000000002 3.2959746043559335e-17 -7.806255641895632e-17 -3.469446951953614e-18
3.2959746043559335e-17 1.0000000000000004 -1.5265566588595902e-16 -8.326672684688674e-17
-7.806255641895632e-17 -1.5265566588595902e-16 1. -1.1102230246251565e-16
-3.469446951953614e-18 -8.326672684688674e-17 -1.1102230246251565e-16 0.9999999999999999
dA_d
6
2 1 1 2
-0.9087996417807781 0.9205290024597738 -0.44071679614446674 -0.326859127205386 -0.14180520805654165 -0.06621423987138057 0.03369132555758822 0.003638031982169801
-0.316985607890267 0.4484493485108775 0.75566314476527 0.7689217133677976 0.6154891240540725 0.32624562002433855 -0.22381304582271652 -0.028117088598327202
0.07967164136812614 -0.13309236549932582 -0.4119483705240536 -0.5803876390351209 0.8012003166814543 0.5959505992104218 -0.6789280096961917 -0.1066080380907718
0.01018139030555317 -0.019399559534254308 -0.09054013422177583 -0.15308444791471768 0.48994500817316233 0.5108735506401721 1.165961556055025 0.32769404374709193
1 2 0 3
-0.8398808338411095 0.2975265469115249 -0.07854324842903927 0.0165280129635465
-0.7416529051167241 0.36925853775987855 -0.11392275390740554 0.026323361396362644
0.39650469371417735 0.6924093662776456 -0.3776080357258584 0.11574832494187166
-0.2639608406774184 -0.6269237652425318 0.4666286705852997 -0.16055322607395583
-0.0984513158818679 -0.43418383571541147 -0.5057114837364466 0.2921812834745915
0.0872568348697759 0.436765097220823 0.7041917507318713 -0.5104012138769366
-0.010177515115327404 -0.0718583960166527 -0.22397820139232374 -0.20208617301570808
0.015806868301386005 0.13497764931464612 0.5645582858578421 1.0359250790663506
1 2 0 1
-0.7038606846256381 -0.32315338277633776 0.11112657120700756 -0.31911677106210923 0.09140143821968572 0.04207409877072368 -0.08970098375641847 -0.025814070249634485 0.004908914221270598 0.016588225617755782 -0.006427884513909011 -0.0013052120537705347
0.13878784840174999 0.5427465085360943 0.5739477490469059 0.06443101670598914 -0.2624180029236961 0.20436349908045287 0.006142838311162253 0.07426792120123882 0.05372193557968716 0.007897093063449694 0.008827399227100319 0.005651711795406736
0.24466098948301632 0.16635400121455182 -0.0407217536713285 -0.5973024900843225 0.2716772049821987 0.09100181727002793 -0.4100379397303071 -0.14834373021074604 0.0176059009594386 0.11736663567789597 -0.05772270930473194 -0.013581989171487646
0.049974729080841704 0.2045075354026152 0.3040951760167734 -0.11586656344852464 0.4433197415191129 -0.47603110197456033 -0.04635599157364685 -0.33290619915061187 -0.26256306998294293 -0.03786201952249198 -0.07554349843902881 -0.046665386292699236
-0.06445121886804467 -0.06291036662095706 -0.01190723391575924 0.3293749984495319 -0.25512152293243934 0.008956691797438987 -0.5289355072470042 -0.35342445845853276 -0.05189905425874293 0.35661302055810085 -0.30568053043360593 -0.10163063645272044
-0.0015458688179544491 -0.04400345847570682 -0.09456312963146574 0.003098099618828558 -0.21139786841276811 0.38334424586126836 0.05615331018422426 -0.3699455781275319 -0.4652246476286678 -0.14577906759858483 -0.2645150748034924 -0.17760448020158903
-0.01205499404713204 -0.01764809564977929 -0.014365739811900058 0.09116093340620758 -0.11034831600823387 0.06540982674651223 -0.28889952035560185 -0.3342204726723889 -0.15045995042834653 -0.32607772342412067 0.7182405615903119 0.3201248814672582
0.003368981615804164 -0.0008110979011320075 -0.010821998790735185 -0.031086663154165427 -0.009550817941019188 0.08473926810112599 0.17176783183834043 -0.05370072793005497 -0.309904785773246 0.49032160254712237 0.20988751517074788 0.3295810601338895
0 3 -1 2
-0.7597130308377051 0.5101185826586137 0.3508032081606313 0.16698669379902514 -0.0898797626292663 0.057966596694417206 -0.008242666725237144 -0.012698662239193156
-0.2773858533245929 0.27143143765393735 -0.638913938915843 -0.4164911279488586 0.40640931194472824 -0.29525484705821964 0.05972721182425894 0.10860427546084357
-0.0743824694070201 0.08609625620464575 -0.360173548961053 -0.3333100494324961 -0.5064133104281431 0.494802066716387 -0.1941554846812973 -0.4552518314637921
-0.01580612539668292 0.020215247210914458 -0.11196284916720765 -0.11748785195666506 -0.3037667108690878 0.371842728702724 0.19803706520005931 0.8385955679078869
0 1 -1 2
0.8525753981470224 0.14856706946863174 -0.28233831625396655 0.057081354568732104 0.07204883253792675 0.0027295724200030094 0.012163134919792299 0.004531248521388587
-0.5957926077336011 -0.7312142317021026 0.2714472666708578 -0.27287713227733024 -0.09432133155144068 -0.057320182068612065 -0.024841669201151214 -0.0014645735029093863
-0.18089606110259654 0.9146465991657926 0.08659138187772213 0.4599066359044502 0.006817956440318584 0.1423547588786243 0.02298744171823916 -0.015388013278937778
-0.40260314238910166 -0.04829350157343028 -0.6988465420348715 0.12354764851949693 0.36618082001646135 0.0018999701578888417 0.09036372336583215 0.04192342463499822
-0.2043392038962268 -0.3527306696372672 -0.5242000825757366 0.5906955310946385 0.419859552455228 0.2595970119841082 0.16439615408014438 0.014703228629805741
0.06656459507639224 -0.3461508436743728 0.1506466069149442 0.7744719895218944 -0.008498738563600599 0.5923108485171784 0.11837816280900137 -0.12042450386605336
0.1178221461431915 0.0022177684667588817 0.5218224282419344 -0.050696109379849454 0.6376388908707753 -0.06554880892789455 0.31070667972975163 0.23518393888077027
-0.051664443242082934 -0.09093170725728696 -0.2694075096352428 0.41362205043383954 -0.5593832239247485 -0.4042837882906052 -0.48276058270985034 -0.07242601560427092
-0.006601015810843947 0.09898361841521802 -0.028197756369579993 -0.4770089509108453 0.08354274836085683 0.7963390160934306 0.3252445770582884 -0.441559161741983
0.024399978091963398 -0.008241008321395188 0.17002530774188218 0.029660679026001585 0.5185120229685306 -0.13027922426827335 -0.4345758207294788 -0.6880698832650752
0.006712381282332684 0.006807794882959828 0.05644699201230571 -0.06203945145133335 0.27650384997944166 0.22086843893570665 -0.6342596236268715 -0.019308320441243226
-0.004866299315394912 -0.014172209723200498 -0.04396773185885866 0.12085403044446595 -0.2857731827256515 -0.4657581538365737 0.9178394504736486 -0.5757319943934822
-1 2 -2 1
0.5514541385396269 -0.18421651783571882 -0.04517957571573506 0.005659273608870796
0.7291899068058919 -0.34130500022910437 -0.09935949328095128 0.014263676006142029
0.2769011869828422 0.4416584810608377 0.22883159749733953 -0.0486316931615041
-0.27306057535922057 -0.6209592518505297 -0.4475702035476118 0.11523906735975281
0.09242549559781875 0.39328552710073394 -0.4836587535693504 0.2843987972120175
0.06184521761061064 0.29789413904007717 -0.5150419064832545 0.41052945617916425
-0.02380081698229017 -0.15784222574777645 0.47756846067102954 0.8160253705874234
0.0032071272326954668 0.02437155910102695 -0.09021042040919115 -0.26230691995173727
dself_d
6
2 1 1 2
-0.008767438105403548 0.03415658980984463 0.17608471680306725 0.1716565463509965 0.13216979324676556 0.06959861295340825 -0.04925959856720906 -0.006394973763904059
-0.18763704977936177 0.19801304919821322 -0.014477927511096013 0.05109837942357352 -0.259838045257194 -0.17724234259367247 0.21422036053559362 0.035248479245011025
0.09076850285931481 -0.13200700180002362 -0.2555128895665479 -0.2873005277261216 0.017998345814837592 0.08253606520419088 0.27666966273793236 0.07548967624519802
0.01903004673001636 -0.03341048683602707 -0.12255708415040556 -0.18838710107962242 0.40457312445155 0.36069669540860183 0.329836725964493 0.11299209593761246
1 2 0 3
-0.024482774001805957 -0.16043889750930673 0.0820243623589627 -0.025555378077765433
-0.0003135829596967038 -0.14362694797510606 0.10216849090657451 -0.03683166344152218
0.17813234262694688 0.04173819429368539 0.1981785356662782 -0.11923242815050691
