0 0.112837916709551261 0 -0.200000000000000011 0 0 0 0 0 0 0 0
0.112837916709551261 -0.0299999999999999989 0.112837916709551261 0 0 0 0 0 0 0 0 0
0 0.112837916709551261 0.0400000000000000078 0 0 0.200000000000000011 0 0 0 0 0 0
-0.200000000000000011 0 0 0.5 0.112837916709551261 0 -0.282842712474619062 0 0 0 0 0
0 0 0 0.112837916709551261 0.469999999999999973 0.112837916709551261 0 -0 0 0 0 0
0 0 0.200000000000000011 0 0.112837916709551261 0.540000000000000036 0 0 0.282842712474619062 0 0 0
0 0 0 -0.282842712474619062 0 0 1 0.112837916709551261 0 -0.346410161513775461 0 0
0 0 0 0 -0 0 0.112837916709551261 0.969999999999999973 0.112837916709551261 0 -0 0
0 0 0 0 0 0.282842712474619062 0 0.112837916709551261 1.04000000000000004 0 0 0.346410161513775461
0 0 0 0 0 0 -0.346410161513775461 0 0 1.5 0.112837916709551261 0
0 0 0 0 0 0 0 -0 0 0.112837916709551261 1.46999999999999997 0.112837916709551261
0 0 0 0 0 0 0 0 0.346410161513775461 0 0.112837916709551261 1.54000000000000004
